100
    0.034     0.530     0.104     0.007
    0.087     0.869     0.642     0.977
    0.545     0.979     0.794     0.538
    0.715     0.856     0.434     0.585
    0.397     0.561     0.440     0.157
    0.374     0.342     0.527     0.532
    0.605     0.551     0.426     0.483
    0.755     0.768     0.954     0.748
    0.035     0.789     0.298     0.058
    0.478     0.122     0.658     0.940
    0.037     0.023     0.101     0.452
    0.693     0.752     0.880     0.535
    0.851     0.090     0.313     0.320
    0.324     0.225     0.432     0.841
    0.605     0.929     0.776     0.857
    0.789     0.360     0.697     0.730
    0.934     0.823     0.149     0.995
    0.258     0.412     0.945     0.806
    0.582     0.296     0.436     0.047
    0.635     0.274     0.047     0.315
    0.201     0.486     0.364     0.361
    0.653     0.525     0.712     0.796
    0.218     0.258     0.454     0.488
    0.145     0.007     0.618     0.150
    0.573     0.079     0.830     0.766
    0.822     0.831     0.492     0.776
    0.243     0.404     0.127     0.927
    0.535     0.877     0.678     0.174
    0.838     0.736     0.363     0.042
    0.563     0.491     0.261     0.075
    0.865     0.781     0.749     0.715
    0.132     0.011     0.788     0.366
    0.393     0.705     0.090     0.618
    0.509     0.216     0.536     0.582
    0.837     0.752     0.620     0.663
    0.340     0.372     0.629     0.298
    0.068     0.178     0.108     0.992
    0.084     0.630     0.669     0.369
    0.783     0.950     0.411     0.417
    0.817     0.916     0.960     0.199
    0.632     0.211     0.621     0.050
    0.820     0.141     0.426     0.157
    0.344     0.657     0.893     0.046
    0.514     0.684     0.028     0.522
    0.505     0.582     0.862     0.136
    0.949     0.590     0.212     0.531
    0.823     0.732     0.539     0.624
    0.550     0.640     0.648     0.500
    0.426     0.182     0.851     0.269
    0.323     0.245     0.323     0.277
    0.738     0.667     0.902     0.216
    0.066     0.253     0.351     0.930
    0.745     0.571     0.835     0.213
    0.671     0.693     0.161     0.047
    0.200     0.494     0.425     0.700
    0.342     0.750     0.134     0.073
    0.261     0.767     0.932     0.984
    0.472     0.584     0.013     0.256
    0.844     0.211     0.251     0.914
    0.815     0.910     0.463     0.602
    0.345     0.559     0.481     0.298
    0.342     0.016     0.253     0.642
    0.751     0.542     0.510     0.678
    0.629     0.093     0.293     0.644
    0.481     0.890     0.860     0.225
    0.787     0.953     0.474     0.873
    0.326     0.632     0.163     0.725
    0.925     0.141     0.542     0.627
    0.666     0.270     0.700     0.024
    0.631     0.008     0.287     0.953
    0.441     0.381     0.551     0.797
    0.068     0.070     0.474     0.843
    0.207     0.549     0.960     0.334
    0.158     0.994     0.502     0.434
    0.292     0.484     0.626     0.665
    0.192     0.217     0.625     0.168
    0.278     0.857     0.487     0.326
    0.572     0.909     0.865     0.774
    0.259     0.013     0.290     0.416
    0.099     0.327     0.083     0.764
    0.477     0.306     0.876     0.043
    0.043     0.635     0.300     0.378
    0.095     0.335     0.120     0.927
    0.070     0.286     0.552     0.745
    0.814     0.349     0.144     0.040
    0.425     0.386     0.257     0.009
    0.312     0.684     0.399     0.548
    0.525     0.411     0.012     0.482
    0.266     0.002     0.717     0.888
    0.944     0.309     0.637     0.018
    0.501     0.039     0.644     0.756
    0.235     0.571     0.325     0.196
    0.478     0.049     0.920     0.469
    0.725     0.904     0.435     0.177
    0.315     0.037     0.588     0.833
    0.487     0.840     0.448     0.599
    0.183     0.753     0.842     0.165
    0.235     0.127     0.061     0.478
    0.901     0.736     0.166     0.705
    0.960     0.136     0.307     0.491
